
2.0612047 0.27677575
2.0054784 0.27902627
2.304786 0.2660394
2.053512 0.2773717
1.9975299 0.27965152
2.0110605 0.27915555
2.0646904 0.27708486
1.9757845 0.28076163
2.142719 0.27349395
1.9737337 0.28097677
1.9794216 0.28089494
1.9333323 0.28311414
1.9677721 0.28112626
2.0081754 0.27953535
2.0077484 0.27940202
1.9828925 0.2807889
2.014756 0.27929595
1.9401057 0.28291413
1.9768523 0.28118384
1.9191605 0.2835798
1.9602692 0.28182122
1.9487365 0.2820424
1.994115 0.2802485
1.9755836 0.28140506
1.90371 0.2844606
1.9309562 0.28342828
1.9549265 0.28212726
1.8237734 0.28792423
2.01585 0.2797081
2.0608637 0.27758282
1.9211491 0.28365353
1.934611 0.2831192
1.9296993 0.28350404
1.937604 0.2830071
1.8731878 0.28581515
1.9330331 0.28334445
1.9415344 0.28251415
1.8983446 0.28507778
1.8899289 0.2851121
1.9424199 0.2829414
1.8997663 0.28507778
1.8013576 0.28956062
1.9219203 0.2836808
1.8398435 0.2876101
1.906921 0.28432828
1.8196498 0.28891918
1.8180928 0.28882122
1.8469751 0.2872303
1.8691646 0.28620908
1.8403466 0.28759092
1.9277439 0.28368282
1.9207212 0.28397676
1.8110327 0.2889707
1.8292915 0.28795052
1.9092773 0.2844081
1.8503375 0.286999
1.8251106 0.2883808
1.7868103 0.29018283
1.8158838 0.288901
1.8297743 0.28827676
1.8449697 0.28692323
1.8467438 0.2872899
1.8571054 0.2872414
1.787885 0.2900697
1.7649271 0.29120606
1.7996793 0.28986365
1.8808607 0.28586867
1.7816215 0.2904303
1.7549565 0.2913909
1.7910428 0.2896606
1.8560467 0.28707072
1.8091058 0.28908888
1.860503 0.28649494
1.8737764 0.28635758
1.8839508 0.2856879
1.7403278 0.29195353
1.8030818 0.28941414
1.7793576 0.29053232
1.7244897 0.2931788
1.819486 0.28804547
1.8508556 0.2872717
1.8035632 0.28940505
1.7751741 0.29028282
1.8395121 0.2877818
1.7575476 0.2910515
1.7760457 0.29063332
1.6998309 0.29389292
1.7299021 0.29292122
1.7756156 0.29024345
1.8455869 0.28732324
1.7389449 0.29178384
1.7817886 0.28987777
1.757531 0.29123938
1.7927961 0.28982222
1.7747402 0.29068586
1.741014 0.29209697
1.7203832 0.29327777
1.7152939 0.29343233
1.7317332 0.29251817
1.6994389 0.2944202
1.8105136 0.28872627
1.8090096 0.28907678
1.73646 0.2923303
1.7996154 0.28947678
1.7511744 0.29139596
1.7133398 0.29353333
1.7230611 0.29312524
1.6567622 0.29607677
1.6727921 0.2952606
1.7602104 0.2915586
1.7313695 0.2928222
1.6830163 0.29483333
1.6668925 0.29552022
1.7299241 0.29257473
1.7102969 0.29368183
1.7517657 0.29152626
1.700676 0.2940889
1.7410275 0.29222423
1.7418971 0.29228282
1.6872977 0.29484242
1.6409777 0.29689494
1.7449726 0.2920596
1.7372375 0.2923303
1.7429707 0.29227778
1.7066718 0.2933889
1.6080961 0.29810706
1.6970193 0.29420304
1.7552873 0.29188788
1.638794 0.29704243
1.7442492 0.29184142
1.6453292 0.29635453
1.6526014 0.29617676
1.6794189 0.29497272
1.640342 0.29706666
1.600292 0.29861212
1.6871252 0.29450607
1.6533474 0.2959182
1.6700863 0.29558384
1.6472766 0.29652727
1.626146 0.29725355
1.6356248 0.2972495
1.6802044 0.29477173
1.6560335 0.29622424
1.673334 0.29530808
1.6164232 0.29762325
1.659003 0.29565254
1.6827334 0.29490405
1.5848594 0.29950303
1.6391047 0.29669294
1.6356919 0.29676464
1.6281021 0.2975414
1.6502466 0.29631415
1.6425793 0.29642022
1.5846457 0.29954445
1.6028861 0.29844445
1.6217675 0.29780304
1.6301246 0.29716364
1.5523441 0.30103534
1.5727952 0.29980403
1.6113833 0.2981202
1.6524245 0.2965202
1.5901974 0.2987283
1.5996507 0.2985293
1.5769798 0.29990909
1.6310139 0.29720303
1.5794134 0.29977778
1.6288718 0.29701918
1.5868269 0.29898486
1.589205 0.29916668
1.5607487 0.3004798
1.5756276 0.29996565
1.5723588 0.30011615
1.5625216 0.30036667
1.5973356 0.29896867
1.5616082 0.30038586
1.5646856 0.3002202
1.5473317 0.30094343
1.5697045 0.30004242
1.5775915 0.29965657
1.5526028 0.30068383
1.5559248 0.30065456
1.5772289 0.2996424
1.566327 0.30030605
1.534622 0.3016212
1.5622461 0.3004707
1.5714653 0.2998505
1.5628006 0.30041516
1.5452541 0.3012303
1.5571474 0.3007091
1.542611 0.30138284
1.5303468 0.30183738
1.5019712 0.3032515
1.5258044 0.30196163
1.5335333 0.30188888
1.5212721 0.3023495
1.5132595 0.30309495
1.5539453 0.3008394
1.5203079 0.3024394
1.5296876 0.3018899
1.5326464 0.30188686
1.5130899 0.30263534
1.4898821 0.30377778
1.4920508 0.30368283
1.5332481 0.30171818
1.5215095 0.30231515
1.5657084 0.30019698
1.4915001 0.30354142
1.5522957 0.30069596
1.4541692 0.30515656
1.5569739 0.30035555
1.508515 0.30273637
1.48582 0.30398688
1.4682964 0.30475456
1.4961526 0.30337575
1.527446 0.3019687
1.4760517 0.30429697
1.4924833 0.3038313
1.5155591 0.30243233
1.5001829 0.30338788
1.5042807 0.30284244
1.4875275 0.30356768
1.499099 0.30320302
1.4832556 0.30408686
1.4812462 0.30410808
1.4799212 0.30421415
1.4847643 0.30409092
1.4417598 0.30570707
1.475387 0.30411413
1.522498 0.30224344
1.4494604 0.30537173
1.4585676 0.30508587
1.4918668 0.30350605
1.4458691 0.30533433
1.4518076 0.30552828
1.5083932 0.3026919
1.4918233 0.3034414
1.476356 0.30395052
1.4754041 0.3040172
1.4516888 0.30522627
1.4592869 0.30509192
1.4395016 0.30553132
1.4773195 0.3042707
1.4667386 0.30444142
1.4692763 0.30452928
1.4643008 0.30470607
1.4527813 0.3051889
1.4602972 0.30504444
1.4366205 0.3056313
1.4489068 0.3049707
1.4729962 0.30413637
1.4311358 0.30623335
1.4401121 0.3059606
1.433313 0.3058596
1.455098 0.3049172
1.4900073 0.30369696
1.4345258 0.30639595
1.4553198 0.3051101
1.3855481 0.30817777
1.4303898 0.30613637
1.4449722 0.30549192
1.4271463 0.3062788
1.4276296 0.3062404
1.419832 0.30681717
1.4296144 0.30620304
1.4113435 0.30670506
1.4413587 0.30571112
1.4208485 0.3064778
1.4378873 0.30566466
1.4050218 0.30718485
1.4064615 0.30678585
1.4217259 0.30639294
1.4146787 0.30678383
1.4345537 0.30595657
1.4391571 0.3055818
1.3961266 0.3072909
1.4195236 0.30670303
1.4173745 0.30675554
1.4058937 0.3072303
1.4182091 0.30651718
1.3996323 0.30758688
1.4031625 0.30735454
1.4062353 0.30712828
1.3825009 0.30832627
1.4113824 0.3070283
1.3594753 0.3091
1.3973577 0.30764243
1.3830217 0.30815557
1.3840798 0.3082717
1.4073118 0.30744547
1.3664442 0.30870304
1.3991705 0.30728385
1.3438374 0.30949092
1.3897994 0.30789292
1.3986034 0.30731112
1.3739649 0.30861515
1.3873647 0.30797374
1.4021732 0.3071394
1.3764465 0.3085293
1.4140728 0.30693334
1.3496767 0.3095485
1.3740627 0.30864647
1.4083608 0.30699292
1.3661386 0.30868384
1.3945366 0.3078
1.3807564 0.30810708
1.35953 0.30892223
1.3781779 0.30840605
1.4095151 0.30697373
1.3457178 0.3098404
1.3360647 0.31022727
1.3886658 0.3078697
1.368104 0.30878586
1.3621144 0.30911314
1.3647043 0.30878082
1.3894815 0.30778688
1.3884336 0.3079606
1.3542882 0.309401
1.3721455 0.30859092
1.3919759 0.30761918
1.3687401 0.3085303
1.3730222 0.30856565
1.3737111 0.30854142
1.3897468 0.30762827
1.3890741 0.30780607
1.332359 0.31037372
1.3609906 0.30899495
1.330812 0.3101404
1.3533672 0.30920607
1.3270246 0.31038082
1.3163928 0.31099597
1.3405089 0.30960608
1.3567091 0.30907172
1.3456006 0.30948484
1.3521196 0.30911717
1.3572605 0.30929193
1.3398309 0.30999193
1.3450595 0.30980304
1.3262805 0.3103404
1.3690814 0.30878282
1.3513228 0.30922827
1.36241 0.30897474
1.3617281 0.30908182
1.3211857 0.31060708
1.340066 0.3097091
1.3276153 0.31018484
1.3610358 0.30918282
1.3607489 0.30921918
1.3468468 0.30957374
1.3303809 0.31010404
1.3571124 0.30882424
1.3658692 0.30847576
1.3448739 0.30944747
1.3376448 0.3099889
1.3612578 0.30891415
1.3419102 0.3097192
1.3188242 0.31043434
1.3711116 0.30841413
1.3508731 0.3093384
1.3505313 0.30923837
1.3404493 0.3097384
1.3520999 0.30913332
1.3205997 0.3107505
1.328031 0.3102293
1.3550601 0.30899698
1.3104684 0.31092626
1.3335863 0.31010404
1.33721 0.30991918
1.3388278 0.30978787
1.3393193 0.3096202
1.3454535 0.30955657
1.3368284 0.30980808
1.3257222 0.31024343
1.3128109 0.31086767
1.3030989 0.3112697
1.3448936 0.30931818
1.3236084 0.31027678
1.3241366 0.31033635
1.3183208 0.3104576
1.348605 0.30926466
1.32377 0.3103192
1.2933657 0.31159395
1.3352311 0.3100485
1.3276004 0.31034848
1.3258486 0.31012726
1.3067319 0.31118283
1.3255652 0.31024444
1.3341229 0.30992424
1.31249 0.3107101
1.3338782 0.3097313
1.3192904 0.31043434
1.3043165 0.31096768
1.3178366 0.31061515
1.325877 0.31040707
1.3128996 0.31101516
1.3142302 0.31074646
1.3296639 0.31016365
1.3071586 0.31093737
1.3137785 0.31087476
1.3300952 0.3100091
1.2910398 0.31189394
1.3010232 0.31139597
1.3236222 0.31033537
1.3105025 0.3110798
1.3168449 0.310798
1.3010831 0.31143636
1.3208375 0.31063232
1.3059468 0.31123537
1.3012882 0.311201
1.3203063 0.3104808
1.3157053 0.3105303
1.3185534 0.31062222
1.2989053 0.31133637
1.3348118 0.3097182
1.311172 0.31076768
1.2984978 0.3113121
1.2655627 0.31283635
1.299307 0.31136262
1.2918708 0.31154948
1.2923621 0.3116091
1.3055365 0.31093132
1.3071575 0.3111202
1.3033316 0.31108484
1.2982196 0.31129596
1.3107418 0.31110102
1.293861 0.31150606
1.2989292 0.31140605
1.2948395 0.31151515
1.1915455 0.313501
1.1924028 0.3134293
1.2042034 0.31313738
1.1931261 0.31347373
1.2054075 0.31283838
1.1866819 0.3135899
1.199562 0.3131505
1.179904 0.31403938
1.1967092 0.3131798
1.1808584 0.3138818
1.1858039 0.3136293
1.1800086 0.31391212
1.1829834 0.313799
1.1846793 0.31377473
1.1662169 0.31464547
1.1866839 0.3136586
1.1761461 0.31413534
1.1562494 0.31517777
1.1710657 0.31433332
1.1769128 0.31399292
1.1722331 0.31446466
1.1679709 0.31452322
1.1745862 0.31427577
1.1852115 0.31359395
1.1652272 0.3147404